{
  "scene_id": 21,
  "human_id": 8,
  "human_blend_path": "E:\\render_people\\train\\00008\\00008-3.6.blend",
  "human_object_name": "person_render",
  "config_json_path": "E:\\evermotion\\Archinteriors-Vol.58-3.6\\AI58_002\\render\\021_008\\override.json",
  "S_people": 1.0,
  "scene_origin": [
    0.0,
    0.0,
    0.0
  ],
  "shared_positions": [
    {
      "x": -8.513472853898179,
      "y": -352.6092941730254,
      "z": 151.60914611816406
    },
    {
      "x": -191.6588595382391,
      "y": 70.48532954599591,
      "z": 151.60914611816406
    }
  ],
  "counts": {
    "N_positions": 2,
    "N_people_yaw_per_pos": 1,
    "N_cameras_per_yaw": 1,
    "N_lights_per_camera": 2,
    "no_light_per_camera": true,
    "mask_per_camera": true
  },
  "render_resolution": [
    1024,
    1024,
    100
  ],
  "scene_unit_scale_length": 0.009999999776482582,
  "human_pass_index": 999,
  "people_samples": [
    {
      "pos_id": 0,
      "yaw_local": 0,
      "location": [
        -8.513472557067871,
        -352.6092834472656,
        151.60914611816406
      ],
      "yaw_rad": 2.731847972261947,
      "delta_yaw_deg": -23.476640918018454,
      "matrix_world": [
        [
          -0.3983752131462097,
          -4.0093073749858377e-08,
          -0.9172225594520569,
          -8.513472557067871
        ],
        [
          -0.9172225594520569,
          1.7413533726085006e-08,
          0.3983752131462097,
          -352.6092834472656
        ],
        [
          0.0,
          1.0,
          -4.371138828673793e-08,
          151.60914611816406
        ],
        [
          0.0,
          0.0,
          0.0,
          1.0
        ]
      ]
    },
    {
      "pos_id": 1,
      "yaw_local": 0,
      "location": [
        -191.6588592529297,
        70.4853286743164,
        151.60914611816406
      ],
      "yaw_rad": 3.5935380460603543,
      "delta_yaw_deg": 27.277656149484358,
      "matrix_world": [
        [
          0.43671637773513794,
          -3.9322735290170385e-08,
          -0.8995992541313171,
          -191.6588592529297
        ],
        [
          -0.8995992541313171,
          -1.908948021878132e-08,
          -0.43671637773513794,
          70.4853286743164
        ],
        [
          0.0,
          1.0,
          -4.371138828673793e-08,
          151.60914611816406
        ],
        [
          0.0,
          0.0,
          0.0,
          1.0
        ]
      ]
    }    
  ],
  "cameras": [
    {
      "pos_id": 0,
      "yaw_local": 0,
      "cam_local": 0,
      "camera_id": 0,
      "distance_m": 1.6617627957816172,
      "distance_sampled_m": 1.6617628243110618,
      "FOV_deg": null,
      "focal_mm": 81.90588079093791,
      "focal_mm_sampled": 81.90588079093791,
      "distance_perturb_u": 0.014434377766266396,
      "location": [
        -160.93411254882812,
        -286.4087829589844,
        151.60914611816406
      ],
      "matrix_world": [
        [
          -0.39837515354156494,
          0.0,
          -0.9172225594520569,
          -160.93411254882812
        ],
        [
          -0.9172225594520569,
          0.0,
          0.39837515354156494,
          -286.4087829589844
        ],
        [
          0.0,
          1.0,
          0.0,
          151.60914611816406
        ],
        [
          0.0,
          0.0,
          0.0,
          1.0
        ]
      ],
      "camera_name": "Cam001",
      "target_name": "Cam001.Target",
      "using_rig_target": true,
      "intrinsics": {
        "lens_unit": "MILLIMETERS",
        "lens_mm": 81.9058837890625,
        "sensor_width": 36.0,
        "sensor_fit": "AUTO",
        "shift_x": 0.0,
        "shift_y": 0.0
      },
      "per_camera_outputs": {
        "no_light_rgb": "000_999_rgb.png",
        "depth": "000_dpt.exr",
        "normal": "000_nor.exr",
        "albedo": "000_alb.png",
        "diffuse": "000_dif.png",
        "mask": "000_msk.png"
      }
    },
    {
      "pos_id": 1,
      "yaw_local": 0,
      "cam_local": 0,
      "camera_id": 1,
      "distance_m": 0.8175069251467769,
      "distance_sampled_m": 0.8175069444896698,
      "FOV_deg": null,
      "focal_mm": 42.66914371794066,
      "focal_mm_sampled": 42.66914371794066,
      "distance_perturb_u": -0.04203966466528733,
      "location": [
        -265.20172119140625,
        34.78346252441406,
        151.60914611816406
      ],
      "matrix_world": [
        [
          0.4367164671421051,
          0.0,
          -0.8995993733406067,
          -265.20172119140625
        ],
        [
          -0.8995994925498962,
          0.0,
          -0.4367164373397827,
          34.78346252441406
        ],
        [
          0.0,
          1.0000001192092896,
          0.0,
          151.60914611816406
        ],
        [
          0.0,
          0.0,
          0.0,
          1.0
        ]
      ],
      "camera_name": "Cam001",
      "target_name": "Cam001.Target",
      "using_rig_target": true,
      "intrinsics": {
        "lens_unit": "MILLIMETERS",
        "lens_mm": 42.66914367675781,
        "sensor_width": 36.0,
        "sensor_fit": "AUTO",
        "shift_x": 0.0,
        "shift_y": 0.0
      },
      "per_camera_outputs": {
        "no_light_rgb": "001_999_rgb.png",
        "depth": "001_dpt.exr",
        "normal": "001_nor.exr",
        "albedo": "001_alb.png",
        "diffuse": "001_dif.png",
        "mask": "001_msk.png"
      }
    }
  ],
  "renders": [
    {
      "frame": 0,
      "pos_id": 0,
      "yaw_local": 0,
      "cam_local": 0,
      "camera_id": 0,
      "light_id": 999,
      "mode": "no_light",
      "files": {
        "rgb": "000_999_rgb.png",
        "depth": "000_dpt.exr",
        "normal": "000_nor.exr",
        "albedo": "000_alb.png",
        "diffuse": "000_dif.png",
        "mask": "000_msk.png"
      }
    },
    {
      "frame": 1,
      "pos_id": 0,
      "yaw_local": 0,
      "cam_local": 0,
      "camera_id": 0,
      "light_id": 0,
      "mode": "lit",
      "light": {
        "theta_deg": -5.968662741152926,
        "phi_deg": 40.36856314272765,
        "power": 1282364.932568253,
        "power_cfg": 128.2364875242074,
        "illuminance_E": 14.755880163610367,
        "distance_D_m": 1.6617627957816172,
        "radius_R_m": 0.06948020422388536,
        "size_m": 0.13896040844777072,
        "size_bu": 13.896041155377796,
        "color": [
          1.0,
          0.9826754376694341,
          0.957713623855777
        ],
        "color_mode": "kelvin_other",
        "kelvin": 6273.510072678426,
        "location": [
          -118.76752471923828,
          -290.3694152832031,
          43.9764404296875
        ],
        "matrix_world": [
          [
            -0.4915924072265625,
            -0.5640353560447693,
            -0.6634764671325684,
            -118.76752471923828
          ],
          [
            -0.8708253502845764,
            0.3184053897857666,
            0.3745412230491638,
            -290.3694152832031
          ],
          [
            0.0,
            0.7618938684463501,
            -0.6477019786834717,
            43.9764404296875
          ],
          [
            0.0,
            0.0,
            0.0,
            1.0
          ]
        ]
      },
      "files": {
        "rgb": "000_000_rgb.png"
      }
    },
    {
      "frame": 2,
      "pos_id": 0,
      "yaw_local": 0,
      "cam_local": 0,
      "camera_id": 0,
      "light_id": 1,
      "mode": "lit",
      "light": {
        "theta_deg": -21.102279904904492,
        "phi_deg": 7.137226567698626,
        "power": 658662.0089183366,
        "power_cfg": 65.86619794738506,
        "illuminance_E": 7.568796676950873,
        "distance_D_m": 1.6617627957816172,
        "radius_R_m": 0.09264669304691732,
        "size_m": 0.18529338609383464,
        "size_bu": 18.529339023546466,
        "color": [
          1.0,
          1.0,
          1.0
        ],
        "color_mode": "white",
        "kelvin": null,
        "location": [
          -125.96106719970703,
          -236.87539672851562,
          130.9623565673828
        ],
        "matrix_world": [
          [
            -0.7018911242485046,
            -0.08849868178367615,
            -0.7067650556564331,
            -125.96106719970703
          ],
          [
            -0.7122842073440552,
            0.0872073769569397,
            0.6964524984359741,
            -236.87539672851562
          ],
          [
            0.0,
            0.9922513961791992,
            -0.12424630671739578,
            130.9623565673828
          ],
          [
            0.0,
            0.0,
            0.0,
            1.0
          ]
        ]
      },
      "files": {
        "rgb": "000_001_rgb.png"
      }
    },
    {
      "frame": 3,
      "pos_id": 1,
      "yaw_local": 0,
      "cam_local": 0,
      "camera_id": 1,
      "light_id": 999,
      "mode": "no_light",
      "files": {
        "rgb": "001_999_rgb.png",
        "depth": "001_dpt.exr",
        "normal": "001_nor.exr",
        "albedo": "001_alb.png",
        "diffuse": "001_dif.png",
        "mask": "001_msk.png"
      }
    },
    {
      "frame": 4,
      "pos_id": 1,
      "yaw_local": 0,
      "cam_local": 0,
      "camera_id": 1,
      "light_id": 0,
      "mode": "lit",
      "light": {
        "theta_deg": -36.008470386844,
        "phi_deg": -12.819035242052067,
        "power": 293311.04532092856,
        "power_cfg": 29.33110322089032,
        "illuminance_E": 13.788882814968193,
        "distance_D_m": 0.8175069251467769,
        "radius_R_m": 0.09368657766997784,
        "size_m": 0.1873731553399557,
        "size_bu": 18.73731595280722,
        "color": [
          1.0,
          1.0,
          1.0
        ],
        "color_mode": "white",
        "kelvin": null,
        "location": [
          -270.13330078125,
          84.48341369628906,
          169.74737548828125
        ],
        "matrix_world": [
          [
            -0.17560574412345886,
            0.21842467784881592,
            -0.9599235653877258,
            -270.13330078125
          ],
          [
            -0.9844605922698975,
            -0.038962073624134064,
            0.17122888565063477,
            84.48341369628906
          ],
          [
            0.0,
            0.9750757813453674,
            0.22187241911888123,
            169.74737548828125
          ],
          [
            0.0,
            0.0,
            0.0,
            1.0
          ]
        ]
      },
      "files": {
        "rgb": "001_000_rgb.png"
      }
    },
    {
      "frame": 5,
      "pos_id": 1,
      "yaw_local": 0,
      "cam_local": 0,
      "camera_id": 1,
      "light_id": 1,
      "mode": "lit",
      "light": {
        "theta_deg": -24.747697702433555,
        "phi_deg": 21.34543078389588,
        "power": 121096.34804711808,
        "power_cfg": 12.109634263368953,
        "illuminance_E": 5.761980082523916,
        "distance_D_m": 0.8175069251467769,
        "radius_R_m": 0.02562571591292593,
        "size_m": 0.05125143182585186,
        "size_bu": 5.125143297141066,
        "color": [
          1.0,
          0.7777013276384214,
          0.5959556100331709
        ],
        "color_mode": "kelvin_common",
        "kelvin": 3709.4042784729063,
        "location": [
          -267.78643798828125,
          68.96131896972656,
          121.85272216796875
        ],
        "matrix_world": [
          [
            0.02001514472067356,
            -0.36391696333885193,
            -0.931216299533844,
            -267.78643798828125
          ],
          [
            -0.9997997283935547,
            -0.007285309489816427,
            -0.018642162904143333,
            68.96131896972656
          ],
          [
            0.0,
            0.9314029216766357,
            -0.36398985981941223,
            121.85272216796875
          ],
          [
            0.0,
            0.0,
            0.0,
            1.0
          ]
        ]
      },
      "files": {
        "rgb": "001_001_rgb.png"
      }
    }
  ]
}